materials science: 1.00000000e+00,-9.41125992e-09
political science:  0.94581723,  0.32469946
philosophy:  0.78914052,  0.6142127
art: 0.54694818,  0.8371665
history: 0.24548548,  0.9694003
business:  -0.08257935,  0.99658449
geography:  -0.98636137,  0.16459461
medicine: -0.6772816, 0.73572392
economics: -0.87947379,  0.47594741
physics:  -0.40169543,  0.91577334
engineering:  -0.98636137, -0.16459457
sociology: -0.87947379, -0.47594737
geology: -0.67728166, -0.73572394
mathematics:  -0.40169528, -0.91577342,
computer science: -0.08257941, -0.99658451
biology: 0.24548565, -0.96940026
psychology:  0.54694812, -0.83716652
environmental science:  0.78914064, -0.6142126
chemistry:  0.94581723, -0.32469954
